Cell Length 	 Number Foci 	 Abs tot Foci_A in Membr_A 	 Abs tot Foci_A in Cyto_A 	 Rel Foci_A in Membr_A 	 Rel Foci_A in Cyto_A 	 Avg Foci eccentricity 	 Avg Foci Area 	 Avg Foci distance 	 Area Membr 	 Area Cyto 	 Area Cell 	 Avg Int Membr 	 Avg Int Cyto 	 Avg Int Cell 	
33.306350	1.000000	0.674286	0.325714	0.674286	0.325714	0.921668	350.000000	0.000000	236.000000	114.000000	350.000000	3398.135593	2288.473684	3036.702857	
35.569633	1.000000	0.706522	0.293478	0.706522	0.293478	0.935443	368.000000	0.000000	260.000000	108.000000	368.000000	2646.738462	1417.722222	2286.048913	
56.405956	1.000000	0.717277	0.282723	0.707401	0.278830	0.966688	573.000000	0.156572	412.000000	169.000000	581.000000	1787.218447	852.994083	1515.473322	
45.489473	1.000000	0.665208	0.334792	0.665208	0.334792	0.958567	457.000000	0.000000	304.000000	153.000000	457.000000	2135.947368	1223.542484	1830.481400	
51.356338	1.000000	0.655797	0.344203	0.655797	0.344203	0.959345	552.000000	0.000000	362.000000	190.000000	552.000000	2450.348066	1512.715789	2127.612319	
34.666743	1.000000	0.679452	0.320548	0.679452	0.320548	0.919529	365.000000	0.000000	248.000000	117.000000	365.000000	1659.338710	1111.025641	1483.578082	
31.650394	1.000000	0.707831	0.292169	0.707831	0.292169	0.910777	332.000000	0.000000	235.000000	97.000000	332.000000	6879.157447	3813.567010	5983.487952	
32.584298	1.000000	0.704819	0.295181	0.704819	0.295181	0.913534	332.000000	0.000000	234.000000	98.000000	332.000000	3301.521368	2449.326531	3049.969880	
38.214951	1.000000	0.643032	0.356968	0.643032	0.356968	0.941252	409.000000	0.000000	263.000000	146.000000	409.000000	2967.551331	1846.424658	2567.344743	
37.386807	1.000000	0.709424	0.290576	0.709424	0.290576	0.937338	382.000000	0.000000	271.000000	111.000000	382.000000	1517.409594	934.000000	1347.884817	
33.411554	1.000000	0.719136	0.280864	0.716923	0.280000	0.910779	324.000000	0.045662	234.000000	91.000000	325.000000	4684.401709	3360.043956	4313.581538	
52.161488	1.000000	0.678766	0.321234	0.677536	0.320652	0.957014	551.000000	0.000000	375.000000	177.000000	552.000000	2010.986667	1739.830508	1924.039855	
32.521478	1.000000	0.714286	0.285714	0.714286	0.285714	0.916134	336.000000	0.000000	240.000000	96.000000	336.000000	4129.683333	2351.791667	3621.714286	
37.823127	1.000000	0.638404	0.361596	0.638404	0.361596	0.936540	401.000000	0.000000	256.000000	145.000000	401.000000	2994.539062	1635.227586	2503.017456	
39.824253	1.000000	0.689655	0.310345	0.689655	0.310345	0.935622	435.000000	0.000000	300.000000	135.000000	435.000000	5796.700000	3038.311111	4940.648276	
38.359731	1.000000	0.665842	0.334158	0.665842	0.334158	0.936062	404.000000	0.000000	269.000000	135.000000	404.000000	1606.736059	1015.422222	1409.143564	
37.335237	1.000000	0.713911	0.286089	0.713911	0.286089	0.936443	381.000000	0.000000	272.000000	109.000000	381.000000	1814.419118	1052.990826	1596.582677	
53.833370	1.000000	0.677936	0.322064	0.671958	0.319224	0.952283	562.000000	0.132291	386.000000	181.000000	567.000000	1687.818653	1012.685083	1472.299824	
36.512088	1.000000	0.709677	0.290323	0.707775	0.289544	0.940507	372.000000	0.041856	265.000000	108.000000	373.000000	2294.052830	1336.629630	2016.836461	
31.299256	1.000000	0.728707	0.271293	0.721875	0.268750	0.911022	317.000000	0.000000	234.000000	86.000000	320.000000	2754.982906	2367.186047	2650.762500	
39.530635	1.000000	0.687500	0.312500	0.685786	0.311721	0.950355	400.000000	0.036702	276.000000	125.000000	401.000000	2322.876812	1436.240000	2046.493766	
43.450861	1.000000	0.655963	0.344037	0.655963	0.344037	0.949815	436.000000	0.000000	286.000000	150.000000	436.000000	1985.531469	1407.026667	1786.504587	
34.296105	1.000000	0.682353	0.317647	0.682353	0.317647	0.926296	340.000000	0.000000	232.000000	108.000000	340.000000	1699.818966	1198.259259	1540.500000	
38.337774	1.000000	0.639618	0.360382	0.630588	0.355294	0.925374	419.000000	0.109923	268.000000	157.000000	425.000000	1437.410448	905.159236	1240.790588	
32.491815	1.000000	0.655977	0.344023	0.652174	0.342029	0.909595	343.000000	0.068484	227.000000	118.000000	345.000000	1775.982379	947.610169	1492.655072	
43.130504	1.000000	0.753488	0.246512	0.753488	0.246512	0.955216	430.000000	0.000000	324.000000	106.000000	430.000000	1772.814815	878.698113	1552.404651	
62.087696	1.000000	0.662739	0.337261	0.662739	0.337261	0.970368	679.000000	0.000000	450.000000	229.000000	679.000000	1907.551111	1010.611354	1605.048601	
32.161224	1.000000	0.687307	0.312693	0.687307	0.312693	0.926301	323.000000	0.000000	222.000000	101.000000	323.000000	3493.414414	2694.613861	3243.634675	
53.359239	1.000000	0.676174	0.323826	0.676174	0.323826	0.959591	596.000000	0.000000	403.000000	193.000000	596.000000	1246.198511	780.072539	1095.255034	
38.326699	1.000000	0.709360	0.290640	0.709360	0.290640	0.938572	406.000000	0.000000	288.000000	118.000000	406.000000	1522.458333	931.423729	1350.679803	
47.496042	1.000000	0.656126	0.343874	0.656126	0.343874	0.959384	506.000000	0.000000	332.000000	174.000000	506.000000	1343.885542	996.321839	1224.367589	
42.485912	1.000000	0.705357	0.294643	0.705357	0.294643	0.946059	448.000000	0.000000	316.000000	132.000000	448.000000	1607.177215	977.106061	1421.531250	
45.790264	1.000000	0.672451	0.327549	0.672451	0.327549	0.959754	461.000000	0.000000	310.000000	151.000000	461.000000	1790.245161	912.000000	1502.577007	
39.726665	1.000000	0.627002	0.372998	0.625571	0.372146	0.934283	437.000000	0.000000	274.000000	164.000000	438.000000	1307.175182	804.743902	1119.050228	
24.609556	1.000000	0.815166	0.184834	0.815166	0.184834	0.899101	211.000000	0.000000	172.000000	39.000000	211.000000	3068.372093	2337.846154	2933.345972	
52.292052	1.000000	0.694590	0.305410	0.694590	0.305410	0.962538	573.000000	0.000000	398.000000	175.000000	573.000000	3151.658291	1508.411429	2649.794066	
51.351672	1.000000	0.636852	0.363148	0.636852	0.363148	0.962135	559.000000	0.000000	356.000000	203.000000	559.000000	1557.314607	966.246305	1342.669052	
39.379433	1.000000	0.696471	0.303529	0.694836	0.302817	0.936247	425.000000	0.000000	297.000000	129.000000	426.000000	1750.929293	1204.341085	1585.413146	
45.908909	1.000000	0.725108	0.274892	0.725108	0.274892	0.959588	462.000000	0.000000	335.000000	127.000000	462.000000	3343.994030	2540.236220	3123.047619	
53.159137	1.000000	0.653650	0.346350	0.653650	0.346350	0.954474	589.000000	0.000000	385.000000	204.000000	589.000000	3632.337662	1837.901961	3010.835314	
39.403427	1.000000	0.684073	0.315927	0.684073	0.315927	0.944032	383.000000	0.000000	262.000000	121.000000	383.000000	2977.847328	2293.404959	2761.613577	
43.418639	1.000000	0.760920	0.239080	0.760920	0.239080	0.962096	435.000000	0.000000	331.000000	104.000000	435.000000	3157.595166	2282.346154	2948.340230	
30.845893	1.000000	0.720126	0.279874	0.720126	0.279874	0.906847	318.000000	0.000000	229.000000	89.000000	318.000000	2061.179039	2306.898876	2129.949686	
33.672880	1.000000	0.717579	0.282421	0.717579	0.282421	0.914834	347.000000	0.000000	249.000000	98.000000	347.000000	2082.899598	1072.959184	1797.671470	
35.185453	1.000000	0.670554	0.329446	0.670554	0.329446	0.937011	343.000000	0.000000	230.000000	113.000000	343.000000	6102.973913	3291.787611	5176.839650	
46.618037	1.000000	0.652174	0.347826	0.652174	0.347826	0.956531	483.000000	0.000000	315.000000	168.000000	483.000000	3363.841270	1652.571429	2768.616977	
37.849213	1.000000	0.700730	0.299270	0.700730	0.299270	0.934416	411.000000	0.000000	288.000000	123.000000	411.000000	1763.972222	1103.105691	1566.194647	
35.763227	1.000000	0.758308	0.241692	0.758308	0.241692	0.928641	331.000000	0.000000	251.000000	80.000000	331.000000	3369.235060	2525.400000	3165.287009	
49.142858	1.000000	0.696970	0.303030	0.688623	0.299401	0.944150	495.000000	0.099445	345.000000	156.000000	501.000000	2146.736232	857.256410	1745.221557	
34.863199	1.000000	0.708333	0.291667	0.708333	0.291667	0.931944	336.000000	0.000000	238.000000	98.000000	336.000000	1882.697479	899.877551	1596.041667	
48.779937	1.000000	0.800000	0.200000	0.797954	0.199488	0.975469	390.000000	0.005775	312.000000	79.000000	391.000000	1721.942308	726.987342	1520.915601	
35.032696	1.000000	0.837931	0.162069	0.832192	0.160959	0.936470	290.000000	0.000000	243.000000	49.000000	292.000000	1871.835391	670.938776	1670.315068	
32.042281	1.000000	0.766447	0.233553	0.766447	0.233553	0.921892	304.000000	0.000000	233.000000	71.000000	304.000000	4353.244635	1898.816901	3780.006579	
40.912165	1.000000	0.669880	0.330120	0.669880	0.330120	0.941333	415.000000	0.000000	278.000000	137.000000	415.000000	2580.935252	1266.948905	2147.161446	
59.822788	1.000000	0.675676	0.324324	0.673401	0.323232	0.969674	592.000000	0.000000	400.000000	194.000000	594.000000	1229.690000	744.195876	1071.127946	
36.422358	1.000000	0.744444	0.255556	0.744444	0.255556	0.934701	360.000000	0.000000	268.000000	92.000000	360.000000	1775.828358	1076.934783	1597.222222	
42.396434	1.000000	0.648276	0.351724	0.646789	0.350917	0.953840	435.000000	0.030333	283.000000	153.000000	436.000000	3280.784452	1872.758170	2786.683486	
41.806556	1.000000	0.690367	0.309633	0.690367	0.309633	0.942430	436.000000	0.000000	301.000000	135.000000	436.000000	3448.830565	2068.933333	3021.568807	
43.694494	1.000000	0.709328	0.290672	0.709328	0.290672	0.949633	461.000000	0.000000	327.000000	134.000000	461.000000	2428.813456	1476.373134	2151.965293	
44.936236	1.000000	0.701299	0.298701	0.701299	0.298701	0.952901	462.000000	0.000000	324.000000	138.000000	462.000000	2084.370370	1190.449275	1817.354978	
44.415208	1.000000	0.646934	0.353066	0.646934	0.353066	0.952694	473.000000	0.000000	306.000000	167.000000	473.000000	3130.830065	1954.694611	2715.577167	
37.188506	1.000000	0.751337	0.248663	0.751337	0.248663	0.944870	374.000000	0.000000	281.000000	93.000000	374.000000	1546.142349	961.161290	1400.679144	
48.493530	1.000000	0.699010	0.300990	0.699010	0.300990	0.958646	505.000000	0.000000	353.000000	152.000000	505.000000	2938.203966	2013.065789	2659.746535	
34.594332	1.000000	0.780919	0.219081	0.724590	0.203279	0.930818	283.000000	0.124620	235.000000	70.000000	305.000000	1604.612766	1041.971429	1475.481967	
49.183406	1.000000	0.687732	0.312268	0.687732	0.312268	0.955121	538.000000	0.000000	370.000000	168.000000	538.000000	2252.421622	1091.428571	1889.881041	
53.531744	1.000000	0.638261	0.361739	0.638261	0.361739	0.964936	575.000000	0.000000	367.000000	208.000000	575.000000	2474.272480	1261.432692	2035.540870	
